1.000000119 0.000000000 -0.000000000 -0.000000007 0.000000000 1.000000000 -0.000000000 -0.000000015 -0.000000000 -0.000000000 1.000000000 0.000000000
0.999991655 -0.002388006 -0.003343508 -0.003531302 0.002380740 0.999994814 -0.002175267 -0.005508228 0.003348685 0.002167289 0.999992073 0.664843261
0.999971390 -0.001069383 -0.007504066 -0.012726073 0.001042443 0.999993026 -0.003593019 -0.010454112 0.007507855 0.003585094 0.999965370 1.358695149
0.999935746 -0.001228937 -0.011269251 -0.030629886 0.001168026 0.999984682 -0.005410073 -0.009914177 0.011275727 0.005396561 0.999921799 2.077840328
0.999881089 0.002126987 -0.015275870 -0.088221826 -0.002232482 0.999973714 -0.006892230 -0.002760759 0.015260808 0.006925513 0.999859571 2.820676565
0.999807060 0.001604788 -0.019581998 -0.105986841 -0.001743227 0.999973536 -0.007054684 -0.013835399 0.019570161 0.007087456 0.999783337 3.564670086
0.999697685 0.003235804 -0.024373954 -0.127370089 -0.003438037 0.999959946 -0.008259761 -0.023116520 0.024346249 0.008341062 0.999668837 4.328221321
0.999634504 0.006868224 -0.026148967 -0.242204487 -0.007105345 0.999934375 -0.008986038 -0.038979147 0.026085531 0.009168550 0.999617636 5.066112995
0.999423087 0.006562457 -0.033325866 -0.188563079 -0.006807392 0.999950707 -0.007241571 -0.039784890 0.033276696 0.007464255 0.999418318 5.869666100
0.999374866 0.006578594 -0.034738861 -0.307294369 -0.006756984 0.999964595 -0.005020267 -0.051665589 0.034704607 0.005251858 0.999383807 6.651995182
0.999112964 0.003792819 -0.041939463 -0.212006837 -0.003813390 0.999992669 -0.000410511 -0.097439215 0.041937590 0.000570078 0.999120057 7.308171749
0.999010444 0.005206182 -0.044170022 -0.259260327 -0.005256262 0.999985695 -0.001017768 -0.105801769 0.044164088 0.001248930 0.999023557 8.120038986
0.998896658 0.004035320 -0.046790622 -0.299527079 -0.004096583 0.999990880 -0.001213507 -0.111387387 0.046785299 0.001403849 0.998903990 8.951656342
0.998824954 0.001615482 -0.048435681 -0.343984932 -0.001712381 0.999996662 -0.001959161 -0.113627806 0.048432350 0.002039799 0.998824358 9.787173271
0.998702765 0.002010541 -0.050880276 -0.321578383 -0.001976548 0.999997795 0.000718396 -0.169814572 0.050881609 -0.000616897 0.998704493 10.384335518
0.998607337 0.000259480 -0.052758478 -0.364167839 -0.000242682 0.999999881 0.000324818 -0.174365118 0.052758560 -0.000311561 0.998607278 11.236780167
0.998513043 0.002501285 -0.054456960 -0.416169226 -0.002596264 0.999995232 -0.001673453 -0.184779897 0.054452512 0.001812350 0.998514771 12.088764191
0.998428762 0.003198516 -0.055946469 -0.470591754 -0.003448592 0.999984503 -0.004373946 -0.190571576 0.055931617 0.004560010 0.998424172 12.956522942
0.998310685 0.007928378 -0.057561409 -0.538747072 -0.008369203 0.999937475 -0.007421304 -0.184839621 0.057498977 0.007890510 0.998314440 13.821351051
0.998269379 0.009066550 -0.058105662 -0.599532962 -0.009528970 0.999925077 -0.007686138 -0.191695243 0.058031622 0.008226524 0.998280823 14.702712059
0.998178482 0.008233121 -0.059766863 -0.655837953 -0.008589700 0.999946773 -0.005711695 -0.209308118 0.059716653 0.006214670 0.998196065 15.606396675
0.998076558 0.009108771 -0.061321191 -0.709918678 -0.009401625 0.999945760 -0.004488893 -0.215975687 0.061276965 0.005056778 0.998108029 16.497760773
0.998040855 0.008554699 -0.061978616 -0.772604823 -0.008826941 0.999952555 -0.004120049 -0.231538951 0.061940420 0.004659057 0.998068988 17.402902603
0.997930348 0.008394767 -0.063755862 -0.833165884 -0.008722707 0.999950171 -0.004867067 -0.244206131 0.063711815 0.005413116 0.997953653 18.312191010
0.997872412 0.007839094 -0.064726114 -0.903788507 -0.008238749 0.999948621 -0.005909936 -0.256862849 0.064676471 0.006430624 0.997885585 19.243385315
0.997838795 0.007703325 -0.065256886 -0.964457512 -0.008001110 0.999958813 -0.004303167 -0.266605735 0.065221056 0.004815995 0.997859240 20.167793274
0.997848690 0.008740588 -0.064974375 -1.042630434 -0.008826010 0.999960601 -0.001027789 -0.274780184 0.064962827 0.001599043 0.997886479 21.104467392
0.997864008 0.009886757 -0.064573020 -1.101132631 -0.009717236 0.999948502 0.002938797 -0.288768619 0.064598747 -0.002305049 0.997908652 22.061496735
0.997970283 0.008802810 -0.063070640 -1.160605788 -0.008458907 0.999947906 0.005717625 -0.293584943 0.063117683 -0.005172511 0.997992754 22.995307922
0.998088658 0.009639775 -0.061042286 -1.228007793 -0.009255543 0.999935627 0.006574140 -0.297711641 0.061101735 -0.005996596 0.998113573 23.931629181
0.998149097 0.009173001 -0.060118657 -1.279385090 -0.008950901 0.999952018 0.003962630 -0.311829656 0.060152117 -0.003417179 0.998183370 24.902324677
0.998200119 0.010214961 -0.059094999 -1.342159390 -0.010300118 0.999946237 -0.001136582 -0.314473003 0.059080210 0.001743222 0.998251796 25.849079132
0.998273551 0.009255126 -0.058003664 -1.395087123 -0.009508100 0.999946415 -0.004086882 -0.325031936 0.057962723 0.004631332 0.998308063 26.796533585
0.998320878 0.006964275 -0.057509050 -1.452558756 -0.007140245 0.999970436 -0.002854935 -0.336399645 0.057487469 0.003260769 0.998340905 27.795318604
0.998330593 0.005182502 -0.057528075 -1.512109995 -0.005071886 0.999985099 0.002068674 -0.347202301 0.057537928 -0.001773445 0.998341739 28.767349243
0.998288095 0.001745035 -0.058462068 -1.564974904 -0.001435231 0.999984741 0.005340798 -0.353389114 0.058470499 -0.005247748 0.998275399 29.754545212
0.998204708 -0.005735187 -0.059620839 -1.618404269 0.006017620 0.999971569 0.004558687 -0.355961055 0.059592988 -0.004909277 0.998210669 30.719808578
0.998111427 -0.007446367 -0.060976077 -1.674574018 0.007509611 0.999971509 0.000808094 -0.367356926 0.060968325 -0.001264475 0.998138905 31.719575882
0.998014331 -0.007876533 -0.062492684 -1.738523602 0.007695550 0.999965549 -0.003136262 -0.372416556 0.062515229 0.002649119 0.998040557 32.696556091
0.997898817 -0.006209741 -0.064492382 -1.808455825 0.005971625 0.999974608 -0.003884260 -0.381981373 0.064514861 0.003490973 0.997910619 33.707679749
0.997861207 -0.006586806 -0.065036073 -1.877247691 0.006449028 0.999976516 -0.002328198 -0.393317819 0.065049887 0.001903799 0.997880220 34.692089081
0.997775197 -0.002824354 -0.066610605 -1.945153713 0.002834788 0.999995887 0.000062133 -0.405207902 0.066610165 -0.000250822 0.997779012 35.710647583
0.997686863 -0.003228218 -0.067901060 -2.016757011 0.003359281 0.999992669 0.001816132 -0.419885695 0.067894697 -0.002040030 0.997690439 36.690963745
0.997629344 -0.001564912 -0.068798646 -2.087199450 0.001838392 0.999990642 0.003911945 -0.425274521 0.068791889 -0.004029149 0.997622907 37.708976746
0.997652650 -0.000390399 -0.068477057 -2.145179272 0.000870533 0.999975145 0.006981899 -0.440662920 0.068472631 -0.007025121 0.997628212 38.679992676
0.997599483 0.005104160 -0.069059245 -2.224708080 -0.004475058 0.999947071 0.009261232 -0.444724321 0.069102861 -0.008929957 0.997569561 39.662223816
0.997580290 0.004539051 -0.069375664 -2.312815666 -0.003948426 0.999954879 0.008648176 -0.444996059 0.069411784 -0.008353325 0.997553110 40.721019745
0.997610092 0.004462078 -0.068950072 -2.389245272 -0.003987052 0.999967456 0.007025486 -0.447218925 0.068979166 -0.006733789 0.997595370 41.713817596
0.997581303 0.006680364 -0.069188364 -2.465504646 -0.006361318 0.999968231 0.004830576 -0.456256062 0.069218427 -0.004378763 0.997591972 42.723247528
0.997524977 0.006850476 -0.069978654 -2.531910896 -0.006536646 0.999967575 0.004712668 -0.462886244 0.070008680 -0.004243579 0.997537315 43.706710815
0.997462392 0.005064022 -0.071015395 -2.605032206 -0.004651741 0.999971390 0.005969706 -0.472096890 0.071043588 -0.005624213 0.997457385 44.688915253
0.997399867 0.006086688 -0.071808323 -2.676500082 -0.005596364 0.999959707 0.007027458 -0.483181536 0.071848206 -0.006607321 0.997393668 45.662872314
0.997372270 0.008180787 -0.071983598 -2.756827116 -0.007941224 0.999961913 0.003613585 -0.495393872 0.072010398 -0.003032452 0.997399271 46.666503906
0.997301519 0.008666748 -0.072900876 -2.834976435 -0.008744542 0.999961436 -0.000748036 -0.501286268 0.072891571 0.001383503 0.997338891 47.631679535
0.997241139 0.009227397 -0.073653951 -2.910259724 -0.009391495 0.999954104 -0.001881938 -0.509184122 0.073633201 0.002568467 0.997282147 48.587638855
0.997251570 0.008103964 -0.073645033 -2.988524675 -0.007989375 0.999966264 0.001850423 -0.529157341 0.073657550 -0.001256960 0.997282803 49.591236115
0.997281909 0.006337213 -0.073407307 -3.064654589 -0.005996881 0.999970198 0.004855713 -0.538696647 0.073435903 -0.004402300 0.997290254 50.559936523
0.997263968 0.004582416 -0.073780783 -3.137660980 -0.004162702 0.999974191 0.005841430 -0.554647565 0.073805638 -0.005518321 0.997257352 51.520660400
0.997225821 0.001238190 -0.074425600 -3.199348450 -0.000902309 0.999989331 0.004546432 -0.559734344 0.074430428 -0.004466665 0.997216225 52.501716614
0.997213483 -0.001461989 -0.074586779 -3.273867607 0.001714663 0.999993026 0.003323723 -0.570127547 0.074581400 -0.003442352 0.997209072 53.454868317
0.997154117 -0.003050678 -0.075329214 -3.350268364 0.003406838 0.999983728 0.004599983 -0.579849780 0.075313948 -0.004843526 0.997148156 54.399627686
0.997008502 -0.006725811 -0.076999374 -3.414072275 0.007412329 0.999935329 0.008633586 -0.586704373 0.076936319 -0.009178502 0.996993721 55.384708405
0.996979535 -0.007380241 -0.077314757 -3.492197037 0.008452699 0.999872446 0.013553278 -0.590192080 0.077204861 -0.014165857 0.996914625 56.326660156
0.996980548 -0.005401092 -0.077464156 -3.579099417 0.006640506 0.999853969 0.015751192 -0.589876533 0.077367768 -0.016218033 0.996870697 57.270401001
0.996816337 -0.005314257 -0.079555489 -3.646444082 0.006281788 0.999909341 0.011916384 -0.594060242 0.079484947 -0.012378195 0.996759236 58.220035553
0.996740103 -0.002897260 -0.080627546 -3.729316235 0.003241571 0.999986112 0.004139825 -0.600449383 0.080614433 -0.004387689 0.996735692 59.154575348
0.996737480 -0.000768560 -0.080707170 -3.819684982 0.000731155 0.999999583 -0.000493021 -0.610513508 0.080707513 0.000432404 0.996737719 60.063491821
0.996643543 0.004078127 -0.081761323 -3.903426647 -0.004049635 0.999991655 0.000514304 -0.622543454 0.081762731 -0.000181475 0.996651888 60.966384888
0.996486008 0.006602605 -0.083498299 -3.983711004 -0.006411260 0.999976158 0.002559539 -0.633576512 0.083513223 -0.002015216 0.996504664 61.879814148
0.996395886 0.009296074 -0.084313259 -4.065484047 -0.008989242 0.999951541 0.004018096 -0.645583093 0.084346533 -0.003245702 0.996431231 62.764865875
0.996279120 0.009745028 -0.085633062 -4.142927647 -0.009432911 0.999947369 0.004048688 -0.659887791 0.085667998 -0.003225854 0.996318519 63.645305634
0.996116698 0.011058011 -0.087345593 -4.221597195 -0.010691010 0.999931931 0.004668407 -0.667395473 0.087391280 -0.003716466 0.996167183 64.495620728
0.995992005 0.012430308 -0.088575006 -4.300649643 -0.011972014 0.999912024 0.005703500 -0.684087932 0.088638112 -0.004620218 0.996053159 65.345085144
0.995867729 0.012161295 -0.089998275 -4.378992558 -0.011654843 0.999913335 0.006150770 -0.691653132 0.090065271 -0.005076436 0.995922923 66.173004150
0.995779812 0.012039590 -0.090982303 -4.457129955 -0.011467026 0.999910951 0.006813274 -0.691887558 0.091056228 -0.005741223 0.995829284 66.979293823
0.995586336 0.014907848 -0.092658713 -4.535664082 -0.014050880 0.999852180 0.009894192 -0.706686318 0.092792526 -0.008548586 0.995648801 67.794487000
0.995461166 0.016465697 -0.093734495 -4.615975380 -0.015230191 0.999787688 0.013881127 -0.711065948 0.093943164 -0.012390526 0.995500445 68.568183899
0.995266199 0.019464066 -0.095217422 -4.707251549 -0.018042510 0.999712884 0.015767889 -0.714663327 0.095496997 -0.013975284 0.995331526 69.368713379
0.995079637 0.022141570 -0.096572235 -4.784960747 -0.021130493 0.999710917 0.011479934 -0.718904853 0.096798487 -0.009382831 0.995259702 70.114440918
0.994922101 0.022123639 -0.098185979 -4.858127594 -0.021797033 0.999752760 0.004397939 -0.729709029 0.098259002 -0.002235443 0.995158374 70.848129272
0.994797230 0.021365298 -0.099609874 -4.932366371 -0.021612866 0.999765515 -0.001406826 -0.736348569 0.099556461 0.003552362 0.995025575 71.557891846
0.994690657 0.021965917 -0.100539267 -4.993798256 -0.022365086 0.999745727 -0.002844705 -0.739667058 0.100451216 0.005078170 0.994929075 72.222892761
0.994620085 0.024660666 -0.100612156 -5.089522839 -0.024694929 0.999694645 0.000905124 -0.750886679 0.100603752 0.001584354 0.994925320 72.933334351
0.994474411 0.025285570 -0.101889394 -5.165587425 -0.025054561 0.999679863 0.003546560 -0.770043850 0.101946443 -0.000974169 0.994789481 73.576240540
0.994475305 0.021845210 -0.102673523 -5.234653473 -0.021959053 0.999758959 0.000021459 -0.777981043 0.102649242 0.002233274 0.994715095 74.213401794
0.994583905 0.013793309 -0.103017889 -5.276565552 -0.014389801 0.999883771 -0.005049221 -0.794998586 0.102936268 0.006504281 0.994666696 74.839584351
0.994750500 0.009795289 -0.101861075 -5.336917400 -0.010858411 0.999892175 -0.009887757 -0.801742733 0.101753227 0.010941900 0.994749486 75.426490784
0.995047688 0.012142968 -0.098654643 -5.401186466 -0.013206614 0.999861479 -0.010135610 -0.814079702 0.098517895 0.011388307 0.995070100 76.009452820
0.995311975 0.017103238 -0.095192865 -5.447639942 -0.017840354 0.999817014 -0.006897671 -0.831668556 0.095057480 0.008563608 0.995434999 76.578819275
0.995802283 0.015636904 -0.090186015 -5.507215977 -0.016037131 0.999864459 -0.003714807 -0.845591545 0.090115719 0.005145537 0.995918036 77.128807068
0.996380389 0.012037429 -0.084151238 -5.540435791 -0.012040238 0.999927342 0.000474153 -0.860814989 0.084150843 0.000540764 0.996452928 77.659126282
0.997078717 0.007602938 -0.076000728 -5.575237751 -0.007359429 0.999966741 0.003483591 -0.864462316 0.076024696 -0.002914092 0.997101724 78.223800659
0.997802198 0.011205092 -0.065307967 -5.610850334 -0.011018232 0.999934077 0.003220700 -0.873359382 0.065339744 -0.002494043 0.997860014 78.739021301
0.998599768 0.016290074 -0.050329704 -5.632925987 -0.016170098 0.999865294 0.002790122 -0.881669462 0.050368376 -0.001972379 0.998728812 79.246559143
0.999246240 0.021742769 -0.032158881 -5.650990486 -0.021651706 0.999760449 0.003177327 -0.886168778 0.032220252 -0.002478637 0.999477804 79.740806580
0.999750733 0.020081360 -0.009757861 -5.646051884 -0.020049362 0.999793231 0.003366020 -0.888659358 0.009823433 -0.003169542 0.999946773 80.226608276
0.999727488 0.016460877 0.016552685 -5.619532585 -0.016540695 0.999852061 0.004696850 -0.903993845 -0.016472943 -0.004969363 0.999852061 80.688537598
0.998837292 0.015670037 0.045589957 -5.571927071 -0.015974587 0.999852300 0.006323618 -0.914098203 -0.045484152 -0.007044547 0.998940289 81.133605957
0.996761680 0.014460918 0.079101466 -5.521764755 -0.015133792 0.999854147 0.007913582 -0.926423848 -0.078975506 -0.009085062 0.996835232 81.567268372
0.993135571 0.015086757 0.115991898 -5.448509693 -0.016054327 0.999843538 0.007411943 -0.922841370 -0.115861952 -0.009223237 0.993222594 82.009445190
0.987334013 0.015174388 0.157928258 -5.352691174 -0.016520675 0.999837399 0.007215332 -0.928763151 -0.157793134 -0.009733026 0.987424314 82.422637939
0.979277432 0.014626957 0.201994658 -5.222025394 -0.016309023 0.999844790 0.006665389 -0.932217002 -0.201865822 -0.009821600 0.979363978 82.823997498
0.967797756 0.016914310 0.251160443 -5.090701580 -0.018568693 0.999818623 0.004218408 -0.937896967 -0.251043558 -0.008746286 0.967936337 83.225646973
0.952393711 0.018159024 0.304329813 -4.936248779 -0.019423144 0.999810696 0.001126723 -0.948459208 -0.304251760 -0.006984125 0.952566087 83.610877991
0.932783186 0.018091016 0.359983951 -4.753307343 -0.018837402 0.999821544 -0.001434995 -0.954862177 -0.359945655 -0.005442622 0.932957470 83.982589722
0.908473790 0.018251481 0.417543232 -4.561049461 -0.018574748 0.999822021 -0.003289619 -0.966310501 -0.417528957 -0.004767227 0.908651173 84.334831238
0.879349589 0.018532366 0.475816071 -4.353970051 -0.018273650 0.999819696 -0.005170265 -0.976435959 -0.475826085 -0.004148426 0.879529655 84.648666382
0.846742690 0.017183116 0.531725228 -4.098131657 -0.015149140 0.999851704 -0.008186829 -0.980872869 -0.531786978 -0.001123041 0.846877456 84.946853638
0.809634805 0.017626902 0.586669326 -3.826807499 -0.013543313 0.999843836 -0.011350537 -0.975845814 -0.586777806 0.001244343 0.809747040 85.264907837
0.768972039 0.016485466 0.639069974 -3.560898066 -0.013226392 0.999863684 -0.009877626 -0.996730864 -0.639145672 -0.000856970 0.769085228 85.545272827
0.726040363 0.016407836 0.687456369 -3.260892153 -0.010631795 0.999863625 -0.012635688 -0.957088768 -0.687569976 0.001865126 0.726115882 85.812835693
0.682269990 0.016159093 0.730921745 -2.971492767 -0.010093272 0.999868572 -0.012683484 -0.961349666 -0.731030524 0.001276170 0.682343483 85.979064941
0.635581136 0.014887443 0.771890640 -2.653006554 -0.006398779 0.999881327 -0.014015885 -0.971674442 -0.772007585 0.003969076 0.635600924 86.185279846
0.588578045 0.012216005 0.808348179 -2.320096970 -0.000191124 0.999887884 -0.014971452 -0.982505739 -0.808440268 0.008657373 0.588514507 86.371688843
0.542267799 0.014326274 0.840083659 -1.981606603 -0.002134857 0.999874890 -0.015673224 -0.998229861 -0.840203047 0.006705627 0.542230487 86.537429810
0.494421124 0.017383870 0.869048715 -1.651013494 -0.004920503 0.999839962 -0.017200746 -1.007471681 -0.869208574 0.004228258 0.494427562 86.701766968
0.449318886 0.019934133 0.893149078 -1.309281826 -0.005218566 0.999792576 -0.019688979 -1.014515519 -0.893356144 0.004185673 0.449329674 86.831695557
0.406419277 0.018318219 0.913503110 -0.953888357 0.002157663 0.999776900 -0.021008190 -1.015635848 -0.913684070 0.010509165 0.406289101 86.953704834
0.367172271 0.010807850 0.930090189 -0.586631596 0.016978608 0.999688029 -0.018319249 -1.027510643 -0.929997921 0.022517957 0.366874248 87.038444519
0.330855012 0.007188768 0.943654239 -0.217348680 0.021086996 0.999665022 -0.015008779 -1.037984967 -0.943445981 0.024864562 0.330592692 87.141960144
0.297465980 0.009681897 0.954683363 0.137473255 0.020382326 0.999656320 -0.016488835 -1.052627444 -0.954514742 0.024363533 0.297166407 87.242317200
0.266729623 0.017342253 0.963615358 0.506405592 0.009686341 0.999739408 -0.020673566 -1.070892215 -0.963722587 0.014848160 0.266492099 87.336814880
0.237680897 0.021594632 0.971103251 0.882686853 0.004725245 0.999715328 -0.023387402 -1.092382073 -0.971331775 0.010147440 0.237511173 87.422752380
0.212263450 0.023036400 0.976940930 1.276377439 0.006430439 0.999667585 -0.024969460 -1.111496687 -0.977191269 0.011582265 0.212044731 87.486251831
0.188164815 0.024433346 0.981833518 1.682526231 0.014076359 0.999520838 -0.027571181 -1.125085592 -0.982036591 0.019008568 0.187730655 87.548728943
0.168172508 0.030805591 0.985276163 2.097729445 0.021127755 0.999169350 -0.034846183 -1.125473022 -0.985531092 0.026676839 0.167381942 87.592613220
0.149171472 0.037984036 0.988081515 2.500854492 0.025103698 0.998794377 -0.042185787 -1.116153359 -0.988492668 0.031097421 0.148038074 87.633178711
0.131474584 0.038581077 0.990568519 2.940871716 0.023145057 0.998850524 -0.041975610 -1.133066297 -0.991049349 0.028445490 0.130430490 87.688613892
0.115761004 0.034248356 0.992686570 3.402992725 0.020965613 0.999098420 -0.036914457 -1.161619186 -0.993055880 0.025085539 0.114938594 87.739418030
0.101460405 0.030990873 0.994356811 3.869330645 0.021578042 0.999210894 -0.033343904 -1.187389255 -0.994605541 0.024839360 0.100711629 87.779899597
0.088621899 0.028521899 0.995657027 4.348948956 0.024062801 0.999236882 -0.030766249 -1.206157684 -0.995774627 0.026684856 0.087867960 87.804786682
0.076856047 0.027787672 0.996654987 4.844873428 0.027879590 0.999160707 -0.030007444 -1.223677993 -0.996652365 0.030092586 0.076016851 87.831359863
0.066546470 0.028370095 0.997379959 5.351985931 0.031111050 0.999050677 -0.030493384 -1.243646979 -0.997298181 0.033058766 0.065600678 87.856842041
0.058823220 0.029141383 0.997843027 5.878078461 0.033532903 0.998952031 -0.031150550 -1.257871151 -0.997705042 0.035292946 0.057784379 87.883850098
0.053375047 0.029279033 0.998145282 6.428823471 0.035302792 0.998889804 -0.031188669 -1.279065490 -0.997950375 0.036902007 0.052282169 87.907218933
0.047630843 0.030367374 0.998403370 6.989630699 0.036571518 0.998814404 -0.032124609 -1.299685001 -0.998195291 0.038043246 0.046463799 87.930755615
0.041858207 0.031159725 0.998637497 7.572485924 0.037025906 0.998778641 -0.032716077 -1.316549182 -0.998437285 0.038344897 0.040653363 87.949645996
0.037251141 0.031093771 0.998822153 8.178638458 0.039459348 0.998690486 -0.032561317 -1.341590881 -0.998526573 0.040625811 0.035975423 87.971717834
0.034550704 0.031147055 0.998917520 8.791007042 0.041215912 0.998619616 -0.032563347 -1.361466527 -0.998552740 0.042296384 0.033219256 87.983566284
0.031829301 0.030793667 0.999018908 9.433550835 0.042245552 0.998590589 -0.032126434 -1.382138133 -0.998600185 0.043226670 0.030483544 87.998077393
0.029222518 0.030052314 0.999121070 10.085025787 0.044040024 0.998538613 -0.031322889 -1.408767700 -0.998602211 0.044916656 0.027856311 88.015357971
0.028789982 0.029830262 0.999140322 10.761525154 0.048819497 0.998319745 -0.031212494 -1.431613207 -0.998392582 0.049676143 0.027285315 88.025627136
0.029601388 0.029468587 0.999127269 11.447057724 0.051961958 0.998168409 -0.030979799 -1.455434799 -0.998210192 0.052833654 0.028015925 88.043403625
0.032176640 0.029332940 0.999051690 12.159375191 0.053680338 0.998075843 -0.031033184 -1.479559779 -0.998039544 0.054627981 0.030540127 88.063339233
0.035894282 0.029292917 0.998926163 12.878773689 0.055677433 0.997959137 -0.031265214 -1.504428387 -0.997803330 0.056739882 0.034190074 88.089767456
0.040365104 0.028811187 0.998769522 13.611499786 0.056688204 0.997908175 -0.031077385 -1.534596920 -0.997575641 0.057872895 0.038647417 88.116836548
0.044154003 0.027156552 0.998655558 14.363560677 0.058273010 0.997858524 -0.029711325 -1.560306311 -0.997323871 0.059506539 0.042476952 88.155410767
0.048022207 0.025361119 0.998524189 15.133499146 0.057926513 0.997924447 -0.028131749 -1.589246869 -0.997165203 0.059191979 0.046453450 88.199653625
0.052333977 0.023232684 0.998359382 15.922429085 0.055030778 0.998143137 -0.026112366 -1.615840077 -0.997112274 0.056307051 0.050958294 88.250068665
0.055928964 0.022459472 0.998182118 16.699539185 0.053553816 0.998240173 -0.025461448 -1.639155746 -0.996997476 0.054880489 0.054627754 88.293624878
0.059908971 0.023284892 0.997932196 17.507101059 0.050475370 0.998378277 -0.026325492 -1.670229316 -0.996926904 0.051948130 0.058636501 88.360137939
0.063066773 0.027431462 0.997632205 18.302248001 0.048721116 0.998345613 -0.030531054 -1.701062202 -0.996819377 0.050531242 0.061625946 88.405693054
0.064706579 0.032573968 0.997372627 19.104713440 0.043031257 0.998446286 -0.035400782 -1.735501409 -0.996976137 0.045208864 0.063204348 88.461425781
0.064767465 0.035663955 0.997263014 19.916133881 0.040273543 0.998453557 -0.038322110 -1.768341303 -0.997087419 0.042645339 0.063230991 88.515296936
0.064326018 0.035725035 0.997289419 20.735717773 0.038061526 0.998543918 -0.038224980 -1.800584316 -0.997202814 0.040417217 0.062872611 88.586860657
0.064139254 0.034040540 0.997360289 21.545623779 0.035056721 0.998724282 -0.036341563 -1.838984609 -0.997325063 0.037295103 0.062864080 88.646308899
0.063907087 0.032740321 0.997418761 22.373783112 0.035954874 0.998737276 -0.035087321 -1.880645752 -0.997307897 0.038104400 0.062649213 88.709259033
0.064432703 0.031548113 0.997423232 23.180055618 0.033539739 0.998867035 -0.033760410 -1.925453544 -0.997358263 0.035628594 0.063301586 88.758796692
0.064518861 0.031621907 0.997415423 23.993883133 0.031744249 0.998926997 -0.033723235 -1.966383696 -0.997411489 0.033837985 0.063445829 88.817253113
0.064296409 0.032410577 0.997404397 24.804613113 0.028910872 0.998992383 -0.034325883 -2.003078461 -0.997511983 0.031042857 0.063294604 88.881576538
0.063346922 0.033715844 0.997421920 25.610015869 0.025997780 0.999034286 -0.035421479 -2.044027805 -0.997652948 0.028174596 0.062409207 88.934440613
0.060080439 0.033633970 0.997626722 26.412616730 0.023123235 0.999117136 -0.035076775 -2.079753637 -0.997925699 0.025175782 0.059249669 88.990699768
0.056819398 0.032463960 0.997856557 27.224018097 0.021526610 0.999199033 -0.033733394 -2.109889507 -0.998152375 0.023397179 0.056075040 89.038520813
0.051858801 0.029973511 0.998204589 28.035520554 0.019793799 0.999322236 -0.031035407 -2.147103786 -0.998458207 0.021367718 0.051230367 89.086311340
0.045595840 0.028233208 0.998560965 28.841205597 0.017335379 0.999427676 -0.029049277 -2.181282043 -0.998809516 0.018634958 0.045080304 89.125205994
0.038011160 0.028887883 0.998859704 29.638231277 0.017774170 0.999404371 -0.029580027 -2.209573984 -0.999119163 0.018878276 0.037475064 89.155975342
0.029956898 0.028871894 0.999134123 30.426074982 0.017153563 0.999420643 -0.029394487 -2.254830837 -0.999404013 0.018019278 0.029444288 89.169334412
0.019878108 0.029360162 0.999371231 31.226346970 0.017819600 0.999399543 -0.029715436 -2.284329414 -0.999643683 0.018399080 0.019342985 89.185279846
0.009506231 0.028577145 0.999546409 32.029159546 0.019606747 0.999394059 -0.028759260 -2.319103718 -0.999762595 0.019871244 0.008940168 89.195312500
-0.001105577 0.027579892 0.999619067 32.803546906 0.018144540 0.999455631 -0.027555313 -2.352948666 -0.999834716 0.018107165 -0.001605400 89.190856934
-0.012407143 0.026587112 0.999569654 33.590366364 0.019854913 0.999455929 -0.026337640 -2.385569572 -0.999725878 0.019519590 -0.012928277 89.180213928
-0.023313796 0.027147163 0.999359608 34.365596771 0.019764321 0.999448419 -0.026688494 -2.416280508 -0.999532819 0.019129448 -0.023837479 89.160293579
-0.034540746 0.027931305 0.999013007 35.144420624 0.019945841 0.999429584 -0.027253326 -2.446005344 -0.999204218 0.018984802 -0.035078157 89.133186340
-0.044833336 0.028845144 0.998578012 35.912796021 0.019722022 0.999413848 -0.027983826 -2.481132746 -0.998799801 0.018439369 -0.045375939 89.089248657
-0.055083703 0.029932862 0.998033047 36.680133820 0.020397253 0.999375761 -0.028847359 -2.510925293 -0.998273373 0.018768109 -0.055659857 89.046005249
-0.064359650 0.030460134 0.997461855 37.432258606 0.021525551 0.999343932 -0.029128704 -2.546741247 -0.997694612 0.019596202 -0.064973101 88.988983154
-0.074370675 0.030965393 0.996749818 38.185024261 0.022037389 0.999324739 -0.029401109 -2.579266548 -0.996987164 0.019779183 -0.075002857 88.937652588
-0.083847933 0.031364024 0.995984912 38.926151276 0.022530366 0.999308646 -0.029571956 -2.612558365 -0.996223867 0.019960357 -0.084496617 88.877105713
-0.092169546 0.030838991 0.995265722 39.659740448 0.023880078 0.999301255 -0.028752554 -2.642167330 -0.995456934 0.021116912 -0.092841581 88.801483154
-0.099417403 0.029665615 0.994603515 40.389900208 0.025556326 0.999301910 -0.027251227 -2.676238060 -0.994717538 0.022709161 -0.100106135 88.718688965
-0.105150551 0.028000291 0.994062066 41.113197327 0.028297832 0.999283016 -0.025154049 -2.707506657 -0.994053602 0.025484838 -0.105867505 88.647903442
-0.108554251 0.026633726 0.993733644 41.822387695 0.031443186 0.999232888 -0.023346296 -2.734876394 -0.993593097 0.028711813 -0.109308422 88.559814453
-0.111151502 0.025303841 0.993481338 42.524810791 0.033424448 0.999205351 -0.021710081 -2.763569355 -0.993241251 0.030793460 -0.111908950 88.475418091
-0.113080494 0.024280166 0.993289113 43.210060120 0.033548873 0.999224663 -0.020605899 -2.792622089 -0.993019223 0.030993601 -0.113807388 88.404243469
-0.113589086 0.024861436 0.993216693 43.867965698 0.034535233 0.999181569 -0.021061124 -2.815271139 -0.992927432 0.031908657 -0.114354715 88.320869446
-0.112420440 0.025802976 0.993325710 44.523910522 0.035187181 0.999139190 -0.021971654 -2.840701818 -0.993037581 0.032482263 -0.113231607 88.252998352
-0.109690838 0.027635010 0.993581533 45.138225555 0.036035951 0.999066889 -0.023809228 -2.862621069 -0.993312359 0.033193003 -0.110584326 88.183448792
-0.104304440 0.027977699 0.994151831 45.751800537 0.036381356 0.999042511 -0.024298277 -2.890080452 -0.993879735 0.033634175 -0.105222434 88.112632751
-0.096173786 0.028555455 0.994954884 46.348064423 0.035718959 0.999043584 -0.025220158 -2.916062593 -0.994723558 0.033113234 -0.097101763 88.057334900
-0.085023046 0.028678771 0.995966196 46.929164886 0.034696706 0.999064684 -0.025806025 -2.941034555 -0.995774686 0.032362640 -0.085938580 88.017555237
-0.071456484 0.028757468 0.997029126 47.485496521 0.033718217 0.999082565 -0.026400138 -2.970203400 -0.996873677 0.031731587 -0.072360575 87.989418030
-0.054327413 0.029619412 0.998083770 48.049549103 0.032679327 0.999077201 -0.027870104 -3.005308867 -0.997988284 0.031102598 -0.055245221 87.972229004
-0.033135239 0.032636013 0.998917937 48.537715912 0.030462123 0.999035358 -0.031629387 -3.023950100 -0.998986542 0.029381115 -0.034097441 87.971527100
-0.008385630 0.035785556 0.999324322 49.060855865 0.028108047 0.998973012 -0.035537116 -3.050321817 -0.999569714 0.027791049 -0.009382884 87.985656738
0.019865377 0.037489425 0.999099612 49.575237274 0.026031967 0.998938501 -0.038000990 -3.075326920 -0.999463737 0.026763428 0.018868355 88.019668579
0.052467942 0.036957968 0.997938514 50.085239410 0.022604767 0.999014854 -0.038186308 -3.102839947 -0.998366714 0.024561726 0.051580824 88.072196960
0.091682464 0.034294438 0.995197654 50.549053192 0.021689268 0.999100804 -0.036427069 -3.130885839 -0.995552063 0.024924826 0.090856209 88.110542297
0.133471325 0.030050682 0.990597069 51.051265717 0.019771205 0.999260485 -0.032977439 -3.164366007 -0.990855455 0.023986839 0.132778481 88.206794739
0.178390771 0.026643254 0.983599067 51.576313019 0.016855178 0.999403954 -0.030128323 -3.177998543 -0.983815372 0.021953342 0.177835345 88.331054688
0.227369696 0.023423431 0.973526835 52.059558868 0.011933263 0.999568701 -0.026837053 -3.198984623 -0.973735392 0.017719280 0.226992086 88.470375061
0.278767675 0.021663051 0.960114241 52.525581360 0.007368885 0.999667883 -0.024695044 -3.225640297 -0.960330367 0.013959148 0.278515428 88.642272949
0.333283544 0.021694364 0.942577064 52.977092743 0.005855487 0.999668300 -0.025078809 -3.241459131 -0.942808509 0.013877597 0.333045930 88.838958740
0.390940279 0.022388557 0.920143783 53.396011353 0.007942214 0.999584854 -0.027695885 -3.261654377 -0.920381784 0.018135412 0.390600204 89.045494080
0.448756129 0.024816267 0.893309593 53.813606262 0.006802003 0.999490499 -0.031182988 -3.298709869 -0.893628359 0.020069851 0.448358774 89.315704346
0.508903027 0.028212896 0.860361338 54.214881897 0.007718641 0.999273002 -0.037333637 -3.315558434 -0.860789299 0.025640024 0.508315325 89.583236694
0.568047106 0.032594953 0.822350264 54.587738037 0.003389945 0.999114215 -0.041942861 -3.327235699 -0.822989106 0.026613243 0.567433536 89.872154236
0.623609900 0.034619428 0.780968666 54.931030273 -0.001790236 0.999079466 -0.042858504 -3.363559961 -0.781733692 0.025328869 0.623097956 90.202079773
0.674511313 0.036017559 0.737385392 55.216934204 -0.003867971 0.998967946 -0.045256376 -3.375572920 -0.738254368 0.027673757 0.673954427 90.544586182
0.723893106 0.036425527 0.688949943 55.516471863 -0.005975396 0.998898804 -0.046534397 -3.374969244 -0.689886272 0.029569179 0.723313570 90.905616760
0.769860744 0.030431800 0.637486041 55.790519714 -0.007880856 0.999239624 -0.038183581 -3.425303221 -0.638163328 0.024372106 0.769515097 91.280700684
0.810051501 0.027291000 0.585723221 56.020385742 -0.010072397 0.999416530 -0.032636426 -3.423822403 -0.586272120 0.020537553 0.809853733 91.702552795
0.847071767 0.024565587 0.530910432 56.238155365 -0.012561279 0.999577582 -0.026209503 -3.439218283 -0.531330049 0.015532416 0.847022414 92.111961365
0.878536701 0.020754982 0.477223694 56.428791046 -0.013630552 0.999738097 -0.018386764 -3.456480980 -0.477480352 0.009648627 0.878589451 92.541954041
0.904013216 0.021841584 0.426946104 56.584571838 -0.018183988 0.999754846 -0.012642475 -3.473847866 -0.427117616 0.003665383 0.904188633 92.977600098
0.924232543 0.023497293 0.381106436 56.717514038 -0.021931602 0.999723792 -0.008451436 -3.494162083 -0.381199807 -0.000547182 0.924492538 93.396842957
0.939163983 0.030188804 0.342139751 56.823814392 -0.030104961 0.999531388 -0.005556665 -3.510820866 -0.342147142 -0.005081483 0.939632654 93.828971863
0.950970054 0.035624828 0.307224333 56.933944702 -0.035199232 0.999356329 -0.006928102 -3.512845516 -0.307273388 -0.004225642 0.951611936 94.292205811
0.960388124 0.035670031 0.276373595 57.053668976 -0.035255138 0.999357402 -0.006471327 -3.513327360 -0.276426882 -0.003528600 0.961028457 94.759086609
0.966582716 0.030914767 0.254484087 57.166847229 -0.030234467 0.999521077 -0.006585285 -3.519981146 -0.254565805 -0.001328968 0.967054605 95.231567383
0.970626593 0.027965110 0.238960311 57.273429871 -0.027459959 0.999608099 -0.005443523 -3.536324024 -0.239018902 -0.001278211 0.971014082 95.717391968
0.973518193 0.032700736 0.226258740 57.371250153 -0.032208402 0.999463916 -0.005868279 -3.540100098 -0.226329371 -0.001574552 0.974049568 96.214881897
0.975526690 0.037677307 0.216629222 57.463665009 -0.037429221 0.999285460 -0.005249468 -3.544592619 -0.216672242 -0.002987266 0.976239860 96.723091125
0.976506412 0.046046816 0.210511535 57.559169769 -0.045668859 0.998934507 -0.006659128 -3.550079346 -0.210593864 -0.003111140 0.977568686 97.225471497
0.976796865 0.051756766 0.207820207 57.647537231 -0.050784707 0.998659432 -0.010013689 -3.561091185 -0.208059907 -0.000772746 0.978115797 97.742706299
0.976971030 0.052076951 0.206919566 57.761253357 -0.050561354 0.998641312 -0.012609811 -3.569101095 -0.207295105 0.001857285 0.978276670 98.274429321
0.976458967 0.050942548 0.209601969 57.875671387 -0.048662402 0.998686731 -0.016024716 -3.585366488 -0.210143045 0.005447742 0.977655470 98.814842224
0.975744367 0.049776275 0.213179544 58.001052856 -0.045944247 0.998681605 -0.022895301 -3.592293739 -0.214038134 0.012545585 0.976744711 99.365188599
0.974889398 0.049587734 0.217098877 58.128128052 -0.044650309 0.998621523 -0.027592378 -3.600650072 -0.218167856 0.017205982 0.975759506 99.918128967
0.973611355 0.054569710 0.221592575 58.247444153 -0.049775928 0.998390913 -0.027164716 -3.622555256 -0.222718373 0.015417898 0.974760890 100.502761841
0.972132444 0.057365615 0.227305576 58.381210327 -0.053491455 0.998299420 -0.023172744 -3.638542891 -0.228248343 0.010368068 0.973547757 101.089401245
0.971149206 0.054501850 0.232161298 58.526214600 -0.051523771 0.998493314 -0.018876834 -3.652538538 -0.232840329 0.006370396 0.972494125 101.693954468
0.970382273 0.049709719 0.236404955 58.676383972 -0.047948003 0.998762608 -0.013199054 -3.670243025 -0.236768544 0.001472982 0.971565008 102.306961060
0.969561040 0.047077149 0.240281850 58.830825806 -0.046474248 0.998886108 -0.008178283 -3.688555241 -0.240399212 -0.003237574 0.970668733 102.930038452
0.969001234 0.042642049 0.243348122 58.990375519 -0.042119596 0.999085605 -0.007352092 -3.701486111 -0.243439093 -0.003125539 0.969911218 103.566757202
0.969197989 0.039494041 0.243095443 59.158313751 -0.037968572 0.999218822 -0.010959152 -3.712975264 -0.243338346 0.001391600 0.969940424 104.194160461
0.969389081 0.038837910 0.242438629 59.324504852 -0.035561092 0.999207556 -0.017879134 -3.729427338 -0.242940918 0.008710450 0.970001876 104.845558167
0.969421923 0.040951859 0.241958693 59.479572296 -0.035996459 0.999042511 -0.024867406 -3.740487576 -0.242745385 0.015397351 0.969967782 105.504135132
0.970070302 0.043775294 0.238845915 59.646087646 -0.038017593 0.998865962 -0.028662432 -3.755095005 -0.239829749 0.018724224 0.970634401 106.186882019
0.970657587 0.042659350 0.236651540 59.809589386 -0.038072277 0.998988748 -0.023921479 -3.775831699 -0.237432659 0.014209702 0.971300006 106.868003845
0.971115172 0.038473174 0.235489234 59.979919434 -0.035632629 0.999231935 -0.016307488 -3.796886444 -0.235935763 0.007445347 0.971740127 107.578392029
0.971730471 0.038725011 0.232895523 60.149761200 -0.037332162 0.999248981 -0.010387191 -3.818351746 -0.233122841 0.001399056 0.972446263 108.298507690
0.971921623 0.042588823 0.231418639 60.307792664 -0.041127514 0.999091744 -0.011137513 -3.833874226 -0.231682807 0.001307114 0.972790480 109.021644592
0.972195864 0.048187636 0.229157493 60.471195221 -0.045817696 0.998827100 -0.015654461 -3.849479914 -0.229643077 0.004719733 0.973263443 109.758186340
0.973056078 0.049129725 0.225273475 60.632297516 -0.045577087 0.998741150 -0.020947060 -3.865202665 -0.226019010 0.010115355 0.974070370 110.493316650
0.974061847 0.047492474 0.221241951 60.806777954 -0.043276902 0.998778045 -0.023865562 -3.883314848 -0.222105056 0.013671868 0.974926949 111.256614685
0.974983156 0.045774065 0.217514724 60.973205566 -0.041870326 0.998869121 -0.022524605 -3.903766155 -0.218299791 0.012853698 0.975797057 112.029579163
0.975871801 0.042062569 0.214254871 61.133941650 -0.038629569 0.999049604 -0.020186706 -3.927669287 -0.214900389 0.011423062 0.976569235 112.792388916
0.976324141 0.040106606 0.212562218 61.307369232 -0.037323914 0.999157071 -0.017089438 -3.953151941 -0.213068411 0.008751179 0.976998150 113.588706970
0.976688027 0.037302781 0.211398125 61.480987549 -0.034911729 0.999277353 -0.015033029 -3.969621658 -0.211806148 0.007302304 0.977284431 114.388862610
0.976913929 0.032549497 0.211139128 61.648807526 -0.030336073 0.999445617 -0.013714784 -3.987242937 -0.211468488 0.006993032 0.977359891 115.188156128
0.977062523 0.033047941 0.210372999 61.827510834 -0.031106966 0.999437571 -0.012529636 -4.003356457 -0.210668713 0.005698172 0.977540910 115.997406006
0.976826191 0.038420022 0.210558146 61.996540070 -0.036168218 0.999240041 -0.014536399 -4.022565365 -0.210956603 0.006584021 0.977473259 116.795249939
0.976483762 0.043829389 0.211088747 62.160198212 -0.041071594 0.999004185 -0.017433397 -4.047527313 -0.211642623 0.008353677 0.977311432 117.634689331
0.975841105 0.052496254 0.212080866 62.322601318 -0.049494032 0.998585224 -0.019443855 -4.058516979 -0.212801546 0.008477374 0.977058649 118.471565247
0.974916458 0.058260094 0.214810729 62.491828918 -0.055580217 0.998283029 -0.018499875 -4.086164951 -0.215519667 0.006096605 0.976480484 119.299072266
0.974029243 0.060898576 0.218078941 62.663940430 -0.058681920 0.998138309 -0.016632892 -4.110164642 -0.218685851 0.003403632 0.975789368 120.141647339
0.973319411 0.062244933 0.220850587 62.846168518 -0.059899874 0.998054504 -0.017306330 -4.141859531 -0.221498102 0.003615663 0.975154161 120.970146179
0.973125041 0.059782751 0.222381979 63.036876678 -0.056687251 0.998185873 -0.020282758 -4.160496235 -0.223191127 0.007131435 0.974748611 121.805427551
0.973173320 0.053877257 0.223676279 63.234176636 -0.050975338 0.998524249 -0.018732017 -4.187857628 -0.224355415 0.006827523 0.974483430 122.645141602
0.973478675 0.047039032 0.223889753 63.436050415 -0.043576486 0.998842120 -0.020384075 -4.216482162 -0.224589363 0.010087132 0.974401295 123.478149414
0.973155916 0.046471886 0.225406423 63.620197296 -0.042944361 0.998866439 -0.020530296 -4.243198872 -0.226105019 0.010299243 0.974048495 124.319175720
0.972538650 0.049059492 0.227512062 63.809192657 -0.046312772 0.998775423 -0.017398873 -4.271205902 -0.228087038 0.006384361 0.973619819 125.153442383
0.972218633 0.050781533 0.228500023 63.998661041 -0.049442545 0.998709798 -0.011584489 -4.294774532 -0.228793487 -0.000034967 0.973474979 125.966789246
0.971864402 0.054304544 0.229195669 64.182678223 -0.054075919 0.998510242 -0.007282822 -4.319629192 -0.229249716 -0.005316049 0.973353148 126.795234680
0.971584141 0.053740766 0.230513111 64.363800049 -0.051997628 0.998554170 -0.013634814 -4.347380638 -0.230912551 0.001261235 0.972973645 127.607368469
0.971824646 0.049937960 0.230354398 64.557266235 -0.044683609 0.998609543 -0.027973829 -4.372604370 -0.231431052 0.016892588 0.972704649 128.422103882
